30.0276    0.863188
56.2382    52.7114
89.0844    36.0664
64.9646    18.0388
0.902751    83.7993
44.4895    8.97371
90.4039    86.0571
75.314    91.3893
19.8126    49.135
75.952    60.6156
36.7568    52.2416
6.77896    62.9866
89.1294    62.1379
13.7829    19.1259
70.5205    68.1169
75.9188    0.548043
68.9801    32.157
53.2595    58.0646
68.2234    18.224
76.1034    69.1261
2.02337    20.5929
78.0999    92.4273
6.64996    53.4138
83.8166    26.4626
2.54888    59.7686
87.0782    39.3057
12.0102    93.8571
2.29226    1.13958
55.995    16.0751
20.2655    26.5155
84.1921    96.1843
27.0635    53.1722
28.3413    80.323
11.2367    96.5647
98.547    87.3401
65.6908    0.570375
7.933    43.7907
92.9977    14.583
97.2045    76.8143
41.0456    99.7534
36.5829    28.1237
39.0591    48.5931
21.9809    41.3513
49.7327    77.9759
57.4264    69.9982
4.4913    41.6185
66.1825    31.5548
94.7907    94.5238
11.8778    6.02743
91.0885    10.4248
93.3676    56.7793
10.9951    1.30056
0.569985    3.99282
15.8835    97.7745
80.8071    56.9291
97.5279    17.39
85.0528    36.587
65.9831    7.03368
77.9383    15.7157
85.0095    35.3647
85.7139    89.5008
76.9832    51.8965
21.0556    71.7739
46.4202    32.9334
77.8014    37.5087
43.3582    71.1689
94.288    54.3533
72.4695    94.858
58.3461    88.353
92.6325    39.1532
45.2821    90.1604
56.5432    30.3349
26.7474    22.5263
37.3686    4.68568
38.242    22.3781
40.0504    23.9559
11.879    17.0337
75.8524    32.9346
88.8076    22.2726
65.868    66.609
59.7814    9.22613
37.7779    54.0694
63.5794    10.2473
48.9274    21.9255
98.6003    41.5599
61.0787    43.8824
31.7203    17.6219
74.2173    58.4677
40.1482    11.5859
63.1534    78.3902
33.9641    3.2038
2.34611    45.843
20.2375    78.1985
78.7776    9.04505
0.471156    44.6456
75.654    60.2525
53.8717    13.4319
14.3219    17.4511
23.6792    63.2493
39.3766    22.2796
